354.546989260329
349.041150119835
366.811020473351
351.154590547376
360.433468486706
354.197132844181
363.84000490847
352.276887074572
347.008985572943
349.166378556913
352.020654833809
335.838708583864
328.667820570135
341.301825757276
337.540552074951
345.725633421231
336.648338135643
357.81722271289
339.342243393536
351.710264258344
343.966704037156
356.529783954237
335.851854629144
324.117443578181
351.143836922515
341.644587224483
345.992621523165
349.788848022685
344.02076142392
349.825314504438
349.694355073522
354.26781843459
344.631580279739
342.683246320585
343.279655218618
340.606339562702
348.367220181604
338.093727408033
330.007119434586
335.872390141643
337.670107980553
326.596055618016
346.406921537773
344.843928989126
334.258834075095
348.939253040806
323.88657829214
337.653142820729
331.884481525858
342.388889129123
345.019963514564
348.899814052243
355.012433702378
344.401555042136
337.294223778071
344.00257476515
332.57139588465
337.964917100316
324.722112681633
309.010315651623
321.279950613279
335.196012403783
323.950813103879
330.148988495099
332.320636690361
325.004973220946
332.106737110343
316.7335257865
326.56775685293
316.229890175334
323.683767731709
327.946305693654
327.301069288512
336.39980758347
326.957653592474
324.842133543586
305.373883902532
348.327681425851
322.655648619449
330.483030501719
321.300592933215
325.02773551048
326.7813753767
329.055003733793
314.000683430983
324.69362902201
330.768211125337
318.141582125786
329.427888324295
338.900583436779
341.604990386373
327.044358911342
321.386079198657
321.573972566963
311.309165709796
309.540663128134
321.376089586196
314.467192695129
326.844687793793
331.227613364625
340.495312998168
330.375374472605
346.01670530559
321.117443594898
330.688639058317
330.086551838051
313.419343930036
323.572277999235
312.264284446001
321.554204488348
322.58038208705
313.848338342751
319.026778489455
319.487155050099
308.349241369323
321.666701319385
308.397698316887
317.239019985437
312.660073178631
323.680132581309
304.596324571232
320.336439543866
307.582300548686
324.387128365999
304.532503755915
307.886674074238
298.574467429234
312.856662639308
315.138739672683
302.809090588753
309.923667293244
319.046972384062
316.096899586959
305.280757209012
324.107168644649
318.684334034142
332.605437880446
327.799814763674
334.735215763432
333.863635670623
328.817717100646
312.550851655934
306.744057964876
301.024309936021
306.80000955268
309.58201671856
298.996954422648
313.478236260736
300.656788063632
314.886647603322
307.012836870192
317.17051783713
309.744650383596
314.066749106536
291.855309152473
297.146805181408
304.189612414385
312.754320444421
312.947087410615
321.13837490715
319.667944565255
310.674066884627
317.934631822795
304.122500812385
302.090487066611
304.706716795419
304.237396840176
289.894280894579
313.085429026033
292.009338010699
294.853854097732
289.817273702931
301.686126955964
295.338765131521
291.991893568231
302.063618082501
293.259852449033
291.635948326771
300.448719233646
302.379219464648
284.194464949819
295.984651929806
304.048712762511
292.254203884984
297.47875255469
306.663594907349
306.076224209263
295.936088413445
299.684237837957
294.291589452991
286.628165508218
291.39989799664
286.57711665469
295.47485442793
295.721142881523
308.451977036556
312.09403673116
313.94457600361
316.366557788726
310.158063492565
307.036962450777
295.365670386044
305.065539295079
289.13115350431
302.744224321787
